# generated by Slic3r 1.2.6 on Tue Feb 17 03:00:23 2015
bed_shape = 89.507x9.40756,88.0333x18.7121,85.5951x27.8115,82.2191x36.6063,77.9423x45,72.8115x52.9007,66.883x60.2218,60.2218x66.883,52.9007x72.8115,45x77.9423,36.6063x82.2191,27.8115x85.5951,18.7121x88.0333,9.40756x89.507,0x90,-9.40756x89.507,-18.7121x88.0333,-27.8115x85.5951,-36.6063x82.2191,-45x77.9423,-52.9007x72.8115,-60.2218x66.883,-66.883x60.2218,-72.8115x52.9007,-77.9423x45,-82.2191x36.6063,-85.5951x27.8115,-88.0333x18.7121,-89.507x9.40756,-90x0,-89.507x-9.40756,-88.0333x-18.7121,-85.5951x-27.8115,-82.2191x-36.6063,-77.9423x-45,-72.8115x-52.9007,-66.883x-60.2218,-60.2218x-66.883,-52.9007x-72.8115,-45x-77.9423,-36.6063x-82.2191,-27.8115x-85.5951,-18.7121x-88.0333,-9.40756x-89.507,0x-90,9.40756x-89.507,18.7121x-88.0333,27.8115x-85.5951,36.6063x-82.2191,45x-77.9423,52.9007x-72.8115,60.2218x-66.883,66.883x-60.2218,72.8115x-52.9007,77.9423x-45,82.2191x-36.6063,85.5951x-27.8115,88.0333x-18.7121,89.507x-9.40756,90x0
before_layer_gcode = 
end_gcode = M104 S0 ; turn off temperature\nM190 S0 ; turn off heated bed\nG28 ; home all axes
extruder_offset = 6x-4.65
gcode_flavor = reprap
layer_gcode = 
nozzle_diameter = 0.4
octoprint_apikey = 561FBE257DB6478085A6A8B914E0D128
octoprint_host = 10.0.1.40
pressure_advance = 0
retract_before_travel = 1
retract_layer_change = 1
retract_length = 1.5
retract_length_toolchange = 2
retract_lift = 0.4
retract_restart_extra = 0
retract_restart_extra_toolchange = 0
retract_speed = 40
start_gcode = G28 ; home all axes\nM107\nG28\nG1 Z50 X0 Y0 F2000\nG1 Z3 X64 Y-56\nG92 E0
toolchange_gcode = 
use_firmware_retraction = 0
use_relative_e_distances = 0
use_volumetric_e = 0
vibration_limit = 0
wipe = 1
z_offset = 0
